PM2.5 µg/m³,PM10 µg/m³,NO µg/m³,NO2 µg/m³,SO2 µg/m³,AQI
20.55,58.71,5.79,49.96,18.51,65.62
45.28,91.07,6.9,58.53,55.72,110.84
64.54,121.99,2.79,36.48,55.15,171.52
76.65,139.13,5.33,11.59653409090909,54.16,192.22
92.72,181.35,3.56,37.54,61.01,210.02
95.07,179.05,5.66,37.71,56.98,215.51
96.72,181.1,4.96,42.2,56.34,215.51
86.89,166.19,5.6,30.8,54.06,219.15
92.3,175.27,5.6,38.46,45.84,217.11
23.01388888888889,66.3,5.33,11.59653409090909,9.83,73.03
128.47,233.77,5.12,41.12,31.89,203.77
71.61,128.36,1.32,42.9,33.75,173.71
46.69,100.09,5.11,42.54,35.29,109.18
82.48,164.44,7.28,50.6,32.37,204.14
101.96,195.98,9.89,51.73,18.01,213.81
97.58,191.01,5.61,50.52,4.98,198.04
19.04,49.15,0.48,26.86,125.75,61.01
16.58,49.9,1.15,15.6,32.17,63.42
27.74,65.26,1.38,35.68,9.23,68.5
32.67,70.53,1.58,31.72,3.3,72.2
34.6,74.13,4.71,40.84,2.92,79.93
43.42,69.82,5.63,36.97,9.49,78.44
54.45,88.44,6.85,25.19,10.19,113.95
65.74,112.83,4.79,23.53,9.38,152.88
16.67,22.99,1.16,20.26,9.42,43.82
19.04,55.32,7.82,27.28,11.11,58.75
33.97,81.98,8.12,30.82,10.34,97.04
47.71,101.56,5.88,36.9,7.52,118.05
65.87,137.21,10.36,33.93,6.25,154.15
51.91,99.45,10.71,30.99,5.44,116.85
65.38,98.33,27.59,20.0,3.19,138.22
29.27,53.7,28.99,22.91,4.36,63.32
35.39,58.78,16.06,24.9,3.34,64.96
42.59,66.95,20.58,27.5,6.29,74.06
47.08,74.97,21.36,33.44,7.38,87.25
50.61,74.37,3.69,25.07,3.91,89.49
64.28,100.73,26.7,19.97,3.0,143.09
130.22,214.37,8.37,21.68,18.3,211.33
114.06,149.0,7.37,13.89,13.43,217.2
108.4,252.15,13.03,17.73,4.96,190.14
74.07,98.79,7.57,10.54,6.33,158.51
98.79,245.87,36.41,17.06,19.18,190.04
110.49,176.19,15.23,13.95,22.02,202.53
85.73,174.17,13.98,13.63,21.19,196.61
68.03,132.22,11.25,12.54,18.05,172.71
65.25,139.15,4.67,12.69,17.04,173.7
60.51,146.27,16.74,11.91,17.7,180.59
58.56,106.11,5.9,11.01,14.42,129.64
62.75,120.99,2.63,14.33,17.47,159.54
94.18,174.28,5.25,15.03,22.88,214.52
67.5,127.88,4.62,16.91,13.66,167.84
16.98,20.27,5.33,11.59653409090909,17.95,37.9
43.0,191.65,7.55,14.04,55.92,180.5
31.31,65.23,2.38,8.55,46.92,79.39
27.34,32.91,0.84,6.52,20.2,44.95
23.01388888888889,8.99,2.4,18.09,27.15,46.9
23.01388888888889,33.51,0.93,9.75,11.47,42.13
23.01388888888889,116.17,17.36,17.04,7.98,122.45
76.59,118.75,28.64,18.73,8.51,158.63
70.28,124.58,9.45,18.33,6.96,160.41
37.25,100.67,4.49,21.87,5.59,119.3
37.68,79.82,2.13,17.25,8.72,85.98
49.8,102.2,2.32,19.93,9.12,117.59
46.81,80.8,0.7,12.88,8.06,109.32
16.59,34.79,1.41,12.77,7.02,42.91
44.26,74.93,0.22,0.02,8.43,87.91
31.31,50.32,0.71,3.68,8.24,60.5
24.91,43.31,1.32,12.87,6.31,47.83
10.03,13.69,1.49,7.95,3.14,36.47
22.85,43.9,3.56,12.32,6.13,46.03
33.66,50.42,3.13,15.39,7.38,62.74
34.25,88.09,10.08,17.13,7.91,101.19
55.83,130.41,11.4,17.3,9.52,148.52
40.02,96.2,2.57,16.61,7.22,112.81
35.99,114.41,4.62,17.11,5.81,124.78
52.95,122.22,3.33,17.8,2.8,136.72
49.22,130.39,0.59,12.02,3.29,140.98
52.82,100.57,0.51,6.92,3.38,113.88
5.58,87.63,1.41,11.93,1.5,101.71
7.25,7.25,9.89,17.46,1.27,35.48
10.12,23.95,2.23,12.3,1.29,39.08
26.27,76.41,11.49,17.58,1.17,78.28
54.03,124.56,13.97,19.55,1.76,138.84
55.14,123.05,10.67,22.98,2.57,141.2
46.05,103.33,2.67,19.56,3.4,118.35
19.94,36.22,5.81,31.03,2.39,45.45
22.38,45.18,4.55,33.97,1.67,48.54
23.75,62.35,6.59,34.19,2.62,54.22
27.01,79.3,8.56,36.84,3.26,76.55
16.38,54.69,5.48,33.79,3.07,53.51
28.27,96.07,9.73,34.42,2.79,112.97
35.58,68.49,5.08,33.28,2.36,71.18
19.82,35.23,4.76,31.2,2.08,46.02
13.49,22.8,4.38,30.25,1.91,42.38
9.44,28.52,4.72,28.95,1.83,41.89
20.75,51.75,4.86,30.78,2.25,51.38
21.7,66.13,5.52,31.26,2.34,51.97
30.42,80.03,5.51,32.23,2.39,81.52
27.28,69.77,5.19,32.63,1.82,69.26
18.87,35.07,4.97,29.62,1.8,45.32
37.74,81.63,7.79,35.36,2.01,97.66
39.68,99.15,6.08,33.37,1.19,110.66
16.89,34.35,6.74,32.16,1.04,43.56
10.55,17.82,5.24,28.7,1.35,39.13
13.89,19.75,4.45,27.91,1.24,42.23
14.82,29.49,4.28,27.07,1.44,45.55
21.86,60.11,6.11,29.29,1.85,59.31
40.57,104.35,5.34,31.69,2.1,117.42
21.05,58.64,4.63,27.44,1.23,57.84
22.8,56.54,4.42,29.1,1.17,57.07
19.77,34.97,4.14,25.98,1.11,45.28
29.14,79.49,7.79,30.54,1.67,74.99
38.08,81.47,5.33,29.2,2.18,97.9
38.13,89.96,10.0,10.0,2.48,101.12
39.33,108.2,11.13,10.26,1.47,115.59
46.51,107.16,17.28,16.0,0.92,115.53
32.17,72.47,16.8,14.57,0.95,78.4
45.26,80.94,17.17,14.91,0.98,101.01
31.51,50.05,16.97,12.4,0.97,61.6
41.9,93.74,17.24,15.09,1.01,106.46
41.1,92.44,17.01,11.25,0.95,102.06
45.94,99.77,16.51,2.81,0.89,112.09
35.26,53.42,16.85,5.45,0.91,62.48
42.45,83.22,16.86,5.46,0.91,97.45
36.99,72.2,16.89,5.46,0.84,89.21
40.33,91.02,16.85,5.46,0.87,101.7
42.09,91.97,16.8,5.46,0.91,102.16
47.79,100.22,16.8,5.46,0.87,114.24
25.28,47.67,16.82,5.46,0.83,51.38
25.87,52.27,16.8,5.46,0.75,57.95
16.62,34.67,16.84,5.45,0.79,42.51
24.91,62.79,16.9,5.46,0.74,64.4
21.31,45.04,16.87,5.46,0.73,49.45
20.17,39.67,16.82,5.46,0.71,44.32
27.07,56.18,16.86,5.46,0.73,63.27
37.86,90.97,16.87,5.46,0.68,101.23
31.04,73.73,16.84,5.46,0.7,82.92
31.63,80.04,16.81,5.46,3.86,86.86
20.27,41.34,16.92,5.46,6.66,45.02
22.01,45.76,16.98,5.47,7.45,51.13
37.65,81.34,16.82,5.46,7.47,94.1
33.41,78.44,16.88,5.47,7.38,86.74
40.79,99.69,16.86,5.46,7.4,109.97
41.7,117.44,16.85,5.47,7.5,124.95
54.25,131.5,16.84,5.47,7.62,141.57
68.09,157.53,16.85,5.47,7.73,171.4
56.15,140.66,16.81,5.45,7.47,149.8
52.32,90.01,16.92,5.45,7.6,114.75
57.34,139.31,11.43,5.45,7.42,155.64
38.06,72.13,1.19,2.72,4.9,88.75
34.77,69.2,1.3,0.93,3.17,79.14
40.48,95.94,2.44,0.72,2.65,111.7
20.56,56.87,2.24,1.57,3.76,43.09
38.16,93.2,6.8,5.46,6.38,112.55
39.74,86.43,30.36,6.05,6.9,97.53
44.38,101.47,18.2,5.33,6.99,115.81
44.97,121.75,37.03,5.06,7.23,140.76
75.01,109.05,50.46,4.98,5.58,166.64
83.61,124.14,51.43,4.98,8.4,190.84
64.63,140.63,49.82,4.99,5.76,158.92
26.5,41.82,43.23,7.01,7.1,59.91
29.18,42.08,31.42,9.59,4.62,58.91
36.12,42.69,32.57,9.59,7.14,58.59
29.16,76.48,31.79,9.59,5.06,86.96
38.05,84.42,25.91,11.92,2.22,96.75
36.38,51.86,0.54,4.91,5.29,60.63
36.19,69.71,0.38,5.09,3.5,83.76
46.35,91.22,3.28,6.64,8.28,121.8
43.08,93.29,1.05,6.64,4.42,109.02
22.14,51.07,1.73,5.18,6.47,57.33
27.2,88.42,2.55,7.59,4.42,112.09
36.89,125.3,2.72,7.81,5.29,134.55
20.14,52.96,1.71,4.74,3.43,56.7
35.93,67.35,1.41,6.54,4.17,70.39
26.82,54.88,1.38,5.3,3.32,58.66
39.45,75.46,1.88,7.65,2.37,84.76
41.65,94.09,4.22,15.82,3.61,110.27
49.34,150.22,4.67,15.49,3.54,157.06
57.92,167.52,4.44,15.43,4.18,158.51
39.75,128.83,4.1,13.69,4.04,134.11
31.42,95.49,4.12,12.68,4.16,111.58
22.74,71.19,4.55,14.04,4.14,83.71
35.41,117.26,4.26,12.9,4.24,125.97
24.98,90.5,4.02,13.36,4.19,107.1
43.74,113.1,4.39,13.64,4.26,114.2
39.67,135.47,4.55,13.69,4.19,135.71
41.68,127.65,4.28,14.25,4.08,136.63
53.67,148.57,4.59,14.44,4.12,157.49
57.99,177.88,4.43,15.14,3.72,174.37
37.48,106.02,4.26,11.47,3.23,115.91
22.08,62.53,4.19,11.08,3.58,65.54
25.01,52.24,4.31,11.58,3.41,54.81
29.26,63.18,4.39,12.53,3.28,62.84
36.26,95.79,2.36,15.14,3.8,110.48
48.43,101.61,2.37,16.71,4.2,118.09
52.86,98.04,1.04,18.0,2.38,107.71
39.5,54.5,0.67,11.04,3.84,59.04
20.12,30.2,3.94,9.68,4.64,42.93
21.85,37.31,6.48,9.74,4.82,43.1
17.44,48.54,5.49,9.42,5.15,54.34
16.6,48.86,4.6,10.27,4.82,56.05
32.39,74.62,5.13,12.02,4.85,78.92
41.71,108.97,6.41,12.88,4.37,113.52
43.69,112.71,5.51,11.51,4.55,113.83
28.76,74.56,4.37,9.48,3.7,79.66
28.75,64.01,4.04,8.58,3.57,65.48
13.79,32.81,4.43,8.56,4.45,40.61
18.77,49.95,1.99,9.97,4.97,61.06
8.02,31.53,1.94,9.72,5.12,39.13
27.04,56.52,24.0,11.0,3.29,63.01
23.85,78.84,24.91,11.01,36.79,81.12
34.7,116.87,24.41,11.0,27.33,123.89
38.34,106.51,23.36,11.0,9.82,115.34
33.63,94.07,23.41,10.99,4.75,108.05
30.99,88.05,3.54,3.61,2.62,106.16
12.28,57.6,8.9,3.99,3.78,63.29
21.93,75.48,9.04,4.0,3.8,86.57
33.48,72.85,6.46,2.86,4.21,86.84
18.18,64.04,4.82,1.9,4.15,58.28
27.33,66.28,4.67,1.91,3.91,66.86
16.04,67.1,5.03,1.91,4.13,68.99
11.12,67.95,6.63,6.18,2.56,72.38
32.62,79.5,23.9,11.0,3.39,85.51
20.61,43.74,24.0,11.0,3.73,51.09
18.52,75.43,24.14,11.0,1.32,88.12
8.22,71.57,5.33,11.59653409090909,0.46,79.0
16.41,97.03,5.33,11.59653409090909,0.03,107.71
32.91,90.84,5.33,11.59653409090909,9.83,103.82
29.39,78.38,5.33,11.59653409090909,0.04,85.88
30.83,115.59,5.33,11.59653409090909,9.83,123.69
31.77,101.87,5.33,11.59653409090909,0.91,117.81
41.24,89.72,5.33,11.59653409090909,0.06,100.45
22.73,73.46,5.33,11.59653409090909,3.43,88.32
21.45,79.2,5.33,11.59653409090909,3.67,90.52
13.45,82.0,5.33,11.59653409090909,4.77,100.06
29.03,85.13,5.33,11.59653409090909,8.0,101.93
29.38,94.04,5.33,11.59653409090909,7.87,110.94
45.62,90.53,5.33,11.59653409090909,18.14,114.35
43.23,96.98,5.33,11.59653409090909,23.31,103.88
29.23,90.72,5.33,11.59653409090909,22.98,98.97
34.07,122.36,5.33,11.59653409090909,22.56,160.64
36.56,133.06,5.33,11.59653409090909,23.08,159.6
26.67,130.67,5.33,11.59653409090909,17.6,157.49
25.93,171.05,5.33,11.59653409090909,12.86,184.0
13.23,150.44,5.33,11.59653409090909,12.97,181.42
9.27,164.31,5.33,11.59653409090909,13.27,182.0
6.89,184.0,5.33,11.59653409090909,13.88,193.29
3.05,172.31,5.33,11.59653409090909,14.26,188.09
14.98,190.74,5.33,11.59653409090909,14.82,193.35
16.16,210.03,5.33,11.59653409090909,14.44,199.48
34.02,204.96,5.33,11.59653409090909,14.79,190.65
55.25,257.89,5.33,11.59653409090909,14.8,183.6
47.56,314.54,5.33,11.59653409090909,13.97,211.71
33.34,320.45,5.33,11.59653409090909,13.68,211.38
24.55,304.59,5.33,11.59653409090909,13.48,215.36
20.5,291.2,5.33,11.59653409090909,13.82,213.7
11.06,66.3,5.33,11.59653409090909,13.84,74.36
18.9,65.68,3.42,1.5,14.14,74.76
22.15,51.77,8.72,1.0,14.7,48.48
25.34,68.25,7.93,1.59,14.03,76.05
28.33,78.97,3.88,0.89,12.24,87.13
22.79,90.02,3.9,0.89,13.16,94.18
27.41,98.77,5.92,5.47,13.23,93.25
24.72,59.62,8.9,10.91,12.33,69.48
21.95,66.41,8.67,10.91,11.3,68.17
26.39,67.3,9.27,10.93,11.99,70.86
20.52,47.0,5.01,11.76,11.79,49.41
11.73,33.85,10.78,12.95,12.13,39.22
14.11,30.05,10.7,12.95,12.05,39.89
19.35,78.55,9.47,12.95,11.92,83.13
55.49,130.59,10.97,12.97,11.54,153.68
27.04,85.35,10.89,12.96,10.67,98.94
16.98,65.74,11.04,12.95,12.98,77.49
18.18,39.57,11.12,12.95,14.14,43.5
26.92,53.08,10.89,12.95,14.7,64.45
14.43,38.18,11.17,12.95,14.56,42.86
3.12,9.53,11.43,12.93,14.1,37.04
11.54,26.35,11.37,12.97,14.18,39.02
28.81,53.61,10.81,12.98,12.96,65.02
25.94,54.49,10.74,12.96,12.93,64.97
20.81,52.85,10.61,12.97,14.47,58.1
35.68,54.57,11.14,12.98,14.19,68.17
10.7,30.17,11.61,12.98,14.44,41.98
5.63,17.48,15.48,14.53,14.52,37.91
14.02,33.58,18.9,15.99,13.25,38.79
24.87,107.96,19.5,15.98,16.15,112.71
27.37,69.63,19.18,15.98,14.05,76.02
40.18,75.79,18.3,15.99,14.0,82.02
3.18,57.81,9.27,15.94,12.13,68.27
8.08,41.51,19.09,15.98,13.97,45.22
10.06,40.32,20.03,15.99,14.2,45.44
16.16,62.44,19.14,15.99,14.08,68.85
24.98,60.57,18.5,15.99,66.82,79.13
16.09,75.87,18.95,16.0,5.58,85.67
26.35,86.67,19.39,15.99,4.09,96.59
24.48,85.74,19.32,16.0,5.43,94.58
22.64,134.15,18.99,16.0,13.36,147.33
23.26,83.28,19.1,15.98,12.86,80.82
12.78,47.36,18.59,15.99,16.29,53.56
29.88,63.9,18.49,16.0,15.7,69.25
29.41,59.78,18.98,16.0,15.9,67.91
31.26,53.78,19.35,16.01,16.58,66.96
12.75,35.12,19.02,16.0,17.21,43.24
19.26,47.4,18.75,16.0,17.43,53.16
34.04,82.8,18.73,15.99,16.0,84.21
19.39,95.71,19.0,16.0,15.46,95.13
15.85,104.85,19.0,16.0,13.72,108.26
32.46,103.59,19.0,16.0,12.59,111.03
20.43,119.14,19.0,16.0,12.63,121.39
18.7,132.15,18.88,16.01,12.6,145.45
16.73,83.14,19.47,16.0,11.58,90.37
21.77,148.16,18.02,16.21,14.36,165.77
16.33,89.29,19.94,17.06,10.88,93.58
25.73,103.88,20.47,17.05,10.93,116.45
59.54,129.4,21.08,17.09,11.42,157.31
43.29,113.48,21.12,17.11,12.67,111.97
27.39,121.33,20.96,17.12,12.13,121.4
16.99,31.17,20.14,17.1,10.93,36.69
14.17,119.14,11.3,17.05,16.53,124.14
20.16,126.26,19.5,17.1,11.47,142.29
12.78,118.89,22.04,17.1,11.77,123.05
46.86,147.32,20.82,17.1,12.86,166.44
32.49,119.81,20.72,17.1,13.07,121.44
12.13,125.81,21.06,17.11,12.89,145.38
15.39,148.74,20.95,17.1,13.01,166.71
28.87,244.35,20.8,17.09,13.4,169.63
32.07,317.81,14.85,17.08,12.03,186.48
31.39,260.09,20.83,17.1,12.22,159.85
60.38,101.89,22.92,17.11,12.39,143.67
48.2,147.58,19.9,17.09,11.9,166.6
70.63,179.36,11.72,2.93,12.55,200.21
68.2,176.96,9.69,2.56,33.04,194.03
44.9,109.32,5.36,1.88,12.81,111.33
9.88,51.23,21.64,17.08,9.88,65.84
12.68,66.79,15.02,17.03,11.44,77.76
5.0,66.19,21.0,17.1,12.88,71.26
3.09,69.04,21.08,17.09,13.41,75.92
2.55,67.74,21.53,17.11,12.76,71.38
2.73,77.88,22.04,17.08,12.88,81.22
2.51,88.64,22.49,17.13,13.27,72.91
6.37,89.09,20.47,17.1,12.57,80.58
28.02,94.47,20.92,17.08,12.77,95.97
38.45,81.61,20.95,17.12,12.36,88.75
30.16,102.38,21.14,17.1,12.9,110.25
15.78,76.76,1.1,0.35,12.5,87.27
27.62,88.28,5.58,1.92,12.92,97.99
32.76,97.73,4.61,1.91,13.26,99.26
26.08,106.04,5.46,1.91,12.72,110.49
16.12,102.91,11.91,2.81,15.37,110.32
12.71,98.86,16.39,4.92,13.59,79.48
19.69,97.46,16.29,4.9,12.93,90.91
31.54,109.04,16.41,4.93,12.54,108.03
35.98,108.13,17.25,4.92,12.78,107.85
42.6,116.41,16.74,4.92,12.54,123.74
23.35,123.69,16.16,4.91,13.21,147.44
25.85,120.38,16.81,4.91,12.8,122.69
26.93,204.29,15.48,4.86,14.73,201.99
24.69,130.86,15.63,4.91,12.96,149.5
26.25,125.81,16.99,4.92,13.16,147.58
23.0,133.29,16.44,4.84,12.81,152.47
20.32,168.03,16.03,4.88,14.67,177.26
20.82,118.3,17.41,4.93,13.13,120.75
22.33,193.29,17.38,4.93,12.83,197.34
16.44,238.28,17.11,4.93,13.3,226.53
21.16,231.71,16.82,4.93,12.55,220.37
21.51,249.06,16.78,4.92,13.21,219.62
21.88,256.8,16.79,4.92,12.54,212.96
25.68,267.03,16.7,4.92,12.2,219.18
29.26,281.52,17.17,4.91,13.03,235.4
28.97,260.46,16.67,4.92,13.42,201.93
28.75,301.79,16.2,4.88,12.23,235.4
13.25,151.78,17.03,4.92,13.7,174.43
33.46,316.92,17.02,4.92,13.74,238.65
39.88,342.35,16.49,4.92,10.98,260.0
33.61,339.97,16.7,4.92,9.08,274.65
27.39,299.24,16.82,4.92,9.84,271.81
27.98,107.33,11.11,3.47,9.51,116.43
24.41,136.38,4.84,1.91,9.45,152.97
19.0,147.73,4.63,1.92,8.54,178.5
29.18,122.93,4.93,1.91,10.6,151.71
29.65,129.85,3.37,2.28,8.26,136.68
40.57,170.82,1.72,2.95,5.73,166.72
38.23,140.67,5.09,3.0,6.03,142.14
41.41,174.29,5.12,3.0,6.54,195.19
30.8,163.98,4.47,2.99,7.18,177.48
39.77,184.79,4.55,3.0,5.92,197.37
27.68,178.94,4.83,3.0,6.17,196.11
26.72,208.26,5.12,3.0,6.31,223.26
30.23,211.83,4.8,3.01,5.81,236.09
31.19,254.09,5.21,3.0,6.21,230.95
24.63,209.95,4.91,3.0,6.0,237.19
25.84,207.51,5.03,3.0,6.17,217.5
24.95,252.37,4.7,2.99,5.78,245.49
31.91,252.73,5.06,3.0,6.5,234.36
34.67,248.55,4.73,3.0,6.13,234.25
42.09,303.6,4.95,3.0,6.14,263.71
48.69,335.67,5.13,2.99,5.72,268.67
56.88,270.93,5.11,2.99,6.6,253.96
30.22,285.06,5.06,2.99,6.78,265.18
14.33,154.02,4.78,3.0,6.21,172.68
22.99,86.55,4.57,2.98,10.77,101.75
18.02,57.84,5.17,2.98,5.24,61.35
22.12,74.44,4.76,2.98,5.05,84.97
19.62,75.88,4.59,2.99,4.71,91.05
25.12,87.52,4.92,3.0,5.59,107.03
20.69,36.98,4.65,3.0,6.18,48.87
17.54,60.07,3.91,2.97,5.45,71.54
29.9,79.64,5.49,2.97,5.82,88.63
33.27,93.19,5.06,3.0,5.8,113.52
16.16,38.32,5.33,2.99,5.9,47.13
15.71,46.27,4.93,2.99,5.33,49.99
19.88,64.44,4.86,2.91,6.12,69.46
17.28,37.76,1.72,2.98,5.39,45.79
17.44,57.76,5.09,2.98,5.94,59.45
16.78,43.81,4.94,2.98,5.53,46.92
10.34,45.42,4.06,2.99,6.32,49.77
16.87,62.26,4.96,2.97,5.32,67.75
19.3,66.18,4.74,2.99,6.6,74.46
9.88,33.08,2.84,2.88,6.34,43.26
13.59,54.09,5.38,3.0,6.03,53.7
18.91,67.1,11.07,3.11,4.19,69.59
22.64,82.4,5.33,0.85,3.82,100.54
19.21,38.58,5.33,11.59653409090909,3.88,46.46
17.33,38.74,5.33,11.59653409090909,54.83,53.73
23.53,44.68,5.33,11.59653409090909,30.09,50.37
23.22,51.33,5.33,11.59653409090909,15.03,60.3
15.99,33.72,5.33,11.59653409090909,33.75,47.32
17.2,39.18,5.33,11.59653409090909,9.83,43.24
18.87,34.5,5.33,11.59653409090909,9.83,39.03
17.29,34.86,5.33,11.59653409090909,0.13,41.94
8.94,24.02,5.33,11.59653409090909,2.67,35.25
12.03,25.63,5.33,11.59653409090909,58.84,48.2
12.07,27.39,5.33,11.59653409090909,9.83,35.12
17.68,43.26,5.33,11.59653409090909,9.83,45.91
16.3,38.76,5.33,11.59653409090909,9.83,42.8
8.24,22.06,5.33,11.59653409090909,9.83,34.67
14.3,34.04,5.33,11.59653409090909,9.83,39.01
16.4,37.47,5.33,11.59653409090909,9.83,42.31
20.64,47.49,5.33,11.59653409090909,9.83,49.45
27.15,56.48,5.33,11.59653409090909,9.83,65.51
21.91,52.61,5.33,11.59653409090909,9.83,56.25
14.05,36.53,5.33,11.59653409090909,9.83,43.87
16.12,37.36,5.33,11.59653409090909,9.83,42.14
17.81,41.26,12.52,22.14,9.83,44.83
18.05,38.39,3.17,23.67,9.83,44.77
14.28,32.1,2.89,20.25,9.83,40.22
18.41,38.41,3.54,18.94,9.83,44.13
19.29,39.0,3.35,20.5,9.83,43.9
18.1,38.16,3.05,14.71,9.83,43.22
30.24,55.49,1.91,19.07,9.83,64.76
18.8,33.16,2.16,18.79,9.83,40.26
12.65,26.43,2.31,15.0,9.83,39.76
19.83,36.72,1.53,11.87,9.83,42.61
19.42,36.83,3.66,23.2,9.83,43.26
20.5,47.76,3.95,25.11,9.83,48.53
10.56,22.08,2.06,18.9,9.83,39.86
7.9,22.94,4.23,15.53,9.83,38.97
9.83,28.16,3.23,17.66,9.83,39.02
14.63,32.91,5.76,18.27,9.83,39.46
14.65,34.23,5.05,14.06,9.83,40.15
16.67,40.74,7.17,21.69,9.83,44.87
12.91,34.07,6.36,20.9,9.83,37.32
10.02,25.51,3.05,21.94,9.83,38.28
4.48,14.78,1.49,18.98,9.83,37.82
7.62,16.74,0.98,13.62,9.83,41.52
9.44,17.71,4.78,11.96,9.83,37.63
16.59,33.93,8.7,8.08,9.83,38.39
11.02,30.36,10.05,25.03,9.83,41.71
9.77,39.97,7.11,18.51,9.83,43.17
12.48,37.5,2.66,23.1,9.83,45.18
16.82,31.16,1.84,22.28,9.83,40.37
7.82,22.32,3.75,15.55,9.83,38.79
17.34,38.53,5.37,21.49,9.83,44.47
13.46,35.64,3.95,16.56,9.83,45.6
10.3,42.33,1.37,34.77,9.83,49.14
6.23,18.03,5.33,1.46,9.83,38.09
5.41,18.33,1.75,18.46,9.83,39.7
6.31,24.57,5.51,12.15,9.83,36.12
20.97,53.97,7.91,20.65,9.83,57.5
24.17,45.5,2.87,21.18,9.83,54.71
23.87,59.73,3.97,23.18,9.83,72.9
38.2,52.91,0.7,19.96,9.83,61.37
28.7,50.38,2.27,23.85,9.83,60.01
32.32,69.29,2.4,22.55,9.83,79.76
30.74,51.3,0.99,18.04,8.54,60.24
29.54,60.15,2.89,25.72,15.35,75.76
28.56,75.16,5.91,23.44,26.23,76.31
28.55,95.69,6.96,28.32,32.2,104.79
28.56,54.86,2.11,23.72,22.27,65.25
28.56,74.43,6.45,22.68,26.55,68.72
28.56,54.34,3.23,20.68,22.1,62.33
27.89,81.3,6.87,23.24,22.07,94.64
11.38,45.05,3.05,19.36,16.0,51.02
9.05,39.86,2.31,16.7,25.39,44.39
28.28,70.27,4.0,20.18,31.68,79.01
20.18,43.89,1.41,17.8,22.67,46.31
21.96,54.44,2.37,18.07,31.97,65.04
41.06,110.04,3.17,21.28,44.92,113.89
38.6,125.14,2.56,22.91,21.79,146.0
17.33,53.02,2.14,17.89,27.49,63.62
17.27,44.22,0.4,11.98,36.98,51.36
20.76,73.88,1.29,19.31,46.1,85.25
16.01,50.99,0.43,15.97,20.59,61.65
18.4,53.06,1.52,17.82,25.27,62.86
13.98,56.19,1.46,19.46,32.81,69.75
16.01,59.51,1.74,19.18,37.66,79.2
14.92,72.86,2.88,18.21,15.69,86.0
11.72,57.15,1.26,19.54,18.88,63.1
19.26,78.59,3.04,20.25,26.92,85.27
26.32,95.24,2.82,34.38,22.0,106.42
27.69,99.38,2.73,22.52,42.19,107.09
37.23,89.82,1.98,25.14,49.03,99.62
27.42,99.19,2.83,24.03,62.89,105.57
12.92,37.07,0.95,17.45,30.43,50.3
17.19,46.89,1.7,20.37,18.06,52.29
19.08,87.73,1.72,21.43,27.08,102.53
20.5,78.65,1.84,26.21,16.86,85.2
21.18,108.37,2.09,24.79,27.2,110.71
22.95,83.05,1.41,20.84,20.73,99.78
17.31,83.06,1.41,20.34,22.46,102.15
16.21,38.86,1.21,14.14,38.45,53.66
14.39,25.62,2.86,17.92,45.81,52.67
13.25,34.51,1.25,16.7,48.69,51.52
14.95,47.63,0.93,17.89,39.36,51.79
11.35,30.96,1.86,15.76,29.81,45.9
10.79,32.0,7.3,17.32,13.94,37.52
14.86,54.7,5.75,14.75,7.62,61.86
20.27,87.84,6.13,15.61,20.31,99.62
21.32,106.51,4.54,17.07,32.16,112.63
17.7,120.75,4.72,22.58,39.93,124.18
15.19,105.19,3.04,21.42,49.62,113.02
15.26,108.95,2.78,20.97,35.46,112.34
20.52,106.95,2.35,18.05,19.75,112.17
19.58,113.29,0.8,14.36,20.4,110.74
14.25,76.58,1.26,12.49,18.99,84.36
16.42,57.6,1.48,10.34,20.95,64.74
11.95,59.92,0.58,12.35,44.13,86.62
12.73,43.82,1.12,10.89,7.92,49.5
14.94,71.91,1.77,12.5,10.94,85.89
15.22,56.91,0.94,12.45,13.31,65.38
18.93,94.76,2.0,14.42,4.05,110.07
13.06,77.98,0.89,18.69,11.07,85.02
17.71,74.94,2.66,16.31,12.16,82.7
16.82,64.41,1.38,13.37,17.5,76.3
15.11,74.09,3.99,19.0,14.59,82.67
16.66,83.78,4.79,17.38,23.78,101.73
16.93,62.82,3.02,13.46,23.75,74.82
14.1,50.34,1.23,10.13,4.55,61.68
16.44,53.66,2.53,10.78,7.94,59.67
14.21,69.88,4.95,12.5,18.17,80.11
16.9,91.09,4.53,12.93,17.25,101.99
16.91,57.56,1.99,16.23,13.18,68.4
21.3,51.3,2.3,14.29,27.86,61.6
13.87,58.93,3.08,12.75,34.29,82.99
12.33,44.11,1.58,10.91,22.95,48.74
16.47,63.97,2.27,12.87,19.79,76.94
14.24,41.47,1.13,9.88,6.62,45.72
16.98,42.7,1.73,10.17,15.1,41.32
12.54,47.79,3.29,10.45,9.26,51.91
16.01,42.5,2.33,12.1,22.09,44.34
16.91,34.36,3.01,9.07,20.54,37.5
14.08,34.16,1.9,10.31,27.9,46.76
16.08,75.43,3.68,11.54,20.97,83.91
14.06,55.44,3.36,9.87,5.82,63.39
10.45,25.67,0.79,11.6,14.44,41.36
17.97,44.72,2.48,10.74,32.69,48.2
18.56,99.25,2.7,13.3,37.94,103.65
14.33,62.48,2.92,10.95,40.17,79.41
22.14,72.85,3.15,10.33,7.34,90.32
22.67,71.02,3.32,10.94,14.84,80.24
17.12,67.58,2.56,10.8,16.28,73.54
17.9,36.88,1.27,9.78,24.54,42.84
16.13,36.2,2.1,9.22,29.13,49.21
17.02,36.91,2.52,10.77,35.29,49.6
18.59,37.16,3.33,13.39,55.33,54.61
21.18,37.0,2.51,10.14,37.02,51.81
18.26,36.3,3.07,12.43,5.48,42.71
22.75,36.7,2.44,10.87,9.07,42.95
19.43,36.04,1.47,8.71,23.31,44.79
16.46,37.6,3.02,11.64,41.95,53.73
21.44,39.59,2.74,9.59,27.97,48.8
19.22,37.18,4.05,10.03,11.24,43.27
17.41,38.64,3.16,9.29,13.33,41.6
17.74,37.73,1.28,8.41,17.61,41.89
13.93,37.94,1.47,10.68,28.27,48.69
20.93,37.14,2.33,12.18,32.83,51.92
20.35,37.26,3.6,12.53,38.69,52.53
20.37,37.57,3.03,11.51,33.27,50.19
18.71,36.67,1.28,11.62,16.6,44.42
23.7,36.52,2.31,11.43,20.63,46.05
15.93,37.5,2.24,10.96,23.25,42.53
18.55,36.28,5.34,10.41,25.14,46.64
20.51,36.63,2.77,11.8,27.22,46.13
21.02,37.02,4.03,12.26,32.1,49.15
20.25,39.25,3.92,12.57,35.2,50.53
13.22,46.58,3.15,12.34,22.77,48.48
14.71,44.05,3.81,14.01,8.95,46.67
16.1,44.96,2.83,12.18,14.69,44.33
9.43,45.0,1.63,12.38,15.49,50.47
21.98,44.62,1.32,13.02,15.61,46.45
11.15,43.54,2.5,15.25,16.5,51.19
12.6,48.92,3.37,13.63,20.59,58.14
11.95,45.03,2.84,18.41,23.44,47.02
22.14,48.73,2.22,15.51,19.36,56.82
11.5,47.57,2.26,15.61,4.95,52.21
17.44,47.19,1.36,12.06,9.92,52.8
25.54,49.62,4.4,15.41,6.23,56.97
13.1,49.28,5.27,14.62,10.04,55.85
15.2,47.58,6.23,15.32,7.85,49.21
18.33,51.95,7.86,15.01,5.83,57.24
31.27,49.58,5.33,11.59653409090909,3.95,56.18
28.13,48.38,5.33,11.59653409090909,3.01,56.18
29.22,46.38,5.33,11.59653409090909,2.6,52.81
30.83,48.15,5.33,11.59653409090909,15.08,54.84
15.86,48.53,5.33,11.59653409090909,9.27,53.59
22.9,48.93,5.33,11.59653409090909,11.75,57.59
18.41,46.16,5.33,11.59653409090909,12.26,49.92
29.61,46.32,5.33,11.59653409090909,15.2,53.17
22.91,78.07,5.33,11.59653409090909,20.91,84.92
20.02,46.77,5.33,11.59653409090909,18.76,49.54
19.95,48.1,5.33,11.59653409090909,15.56,50.98
14.51,50.5,5.33,11.59653409090909,6.2,61.35
23.94,47.91,5.33,11.59653409090909,5.51,52.99
23.32,48.66,5.33,11.59653409090909,5.71,56.6
22.19,45.81,5.33,11.59653409090909,2.86,51.91
21.18,48.15,5.33,11.59653409090909,5.33,51.49
19.95,45.57,5.33,11.59653409090909,8.81,48.96
15.67,45.46,5.33,11.59653409090909,12.03,49.71
20.52,47.73,5.33,11.59653409090909,10.12,49.43
25.96,60.37,5.33,11.59653409090909,10.02,70.1
23.72,47.54,5.33,11.59653409090909,13.69,52.64
24.8,46.65,5.33,11.59653409090909,6.86,52.35
33.64,60.23,5.33,11.59653409090909,9.83,71.65
30.66,72.79,5.33,11.59653409090909,114.72,85.18
20.17,72.4,5.33,11.59653409090909,9.83,89.64
21.13,75.88,5.33,11.59653409090909,9.83,89.92
46.53,87.3,5.33,11.59653409090909,9.83,115.87
53.9,94.14,5.33,11.59653409090909,9.83,116.94
86.08,145.51,5.33,11.59653409090909,9.83,216.94
97.11,153.25,5.33,11.59653409090909,9.83,220.56
88.49,149.42,5.33,11.59653409090909,9.83,217.27
34.41,61.38,5.33,11.59653409090909,44.44,79.06
24.02,45.3,5.33,11.59653409090909,42.04,52.91
13.11,27.66,0.18,40.02,47.28,49.5
65.24,99.43,24.12,28.84,2.9,136.31
69.58,106.28,19.28,27.59,2.52,145.61
74.7,116.21,25.74,28.71,1.36,148.91
80.26,119.37,19.21,31.23,1.05,154.18
63.14,108.61,21.12,23.13,2.69,137.64
29.24,93.75,13.83,17.63,9.83,111.2
32.97,101.57,23.65,14.82,45.48,112.46
36.09,104.23,22.84,24.05,10.84,115.98
38.28,112.48,30.73,21.84,25.14,118.72
36.53,108.88,15.02,27.76,20.3,111.39
34.67,98.41,2.34,56.58,49.76,103.5
9.16,32.03,2.41,29.18,9.83,42.36
5.71,15.83,1.61,30.41,9.83,39.43
31.71,75.49,15.17,36.13,140.32,78.9
42.97,58.67,7.68,39.43,167.81,77.99
58.0,74.1,13.96,32.34,91.64,99.32
37.78,69.37,21.06,26.92,100.17,80.87
40.27,66.36,16.31,30.33,56.01,79.57
47.04,79.2,24.34,26.46,56.55,88.94
46.18,82.71,23.28,26.75,9.83,112.64
43.21,106.2,12.32,29.67,173.12,112.68
35.69,85.6,9.23,24.89,79.26,96.16
42.0,108.18,17.46,21.34,93.01,110.64
40.96,72.96,4.97,22.35,16.98,88.57
43.69,95.36,11.76,24.12,8.0,113.32
56.39,123.13,19.9,18.94,8.0,138.87
47.13,95.86,19.1,20.98,8.0,117.89
60.01,129.05,16.27,25.68,8.0,148.1
48.64,101.12,24.57,35.1,8.0,117.0
44.82,105.19,24.21,23.67,8.0,115.76
46.45,100.12,18.54,31.2,8.0,113.78
27.3,51.41,1.88,36.86,8.0,58.45
13.79,29.96,1.51,42.84,8.0,45.96
10.6,24.35,5.33,13.425,9.83,35.0
38.708333333333336,75.91458333333333,5.33,11.59653409090909,57.127,87.43
19.16547619047619,38.23809523809524,5.33,11.59653409090909,22.08904761904762,44.56
15.6671875,33.655208333333334,5.33,11.59653409090909,50.949333333333335,49.99
15.908888888888889,31.76333333333333,5.33,11.59653409090909,93.03533333333333,50.1
18.816666666666663,43.41557971014493,5.33,11.59653409090909,26.0375,46.5
20.261507936507936,44.67539682539683,5.33,11.59653409090909,22.742291666666663,45.67
14.172222222222222,25.137719298245614,5.33,11.59653409090909,7.845499999999999,37.13
14.136111111111113,26.545238095238098,5.33,11.59653409090909,8.0,36.42
13.10625,24.48125,5.33,11.59653409090909,8.0,36.37
14.264473684210524,30.472368421052632,5.33,11.59653409090909,8.0,40.71
20.93235294117647,41.98872549019608,5.33,11.59653409090909,8.0,42.78
19.67722222222222,36.32380952380952,5.33,11.59653409090909,8.0,43.1
28.18809523809524,62.55515873015873,5.33,11.59653409090909,8.099047619047619,67.94
21.38949275362319,48.43369565217391,5.33,11.59653409090909,8.0,54.22
18.19739583333333,43.9078125,5.33,11.59653409090909,8.0,45.97
24.94090909090909,66.15227272727272,5.33,11.59653409090909,8.0,72.63
23.02777777777778,58.26620370370371,5.33,11.59653409090909,8.0,67.68
41.94791666666666,122.24027777777776,5.33,11.59653409090909,8.0,146.9
12.37348484848485,26.070075757575754,5.33,11.59653409090909,8.0,35.97
14.80277777777778,35.35595238095238,5.33,11.59653409090909,9.805595238095238,43.31
20.259848484848487,52.73787878787879,5.33,11.59653409090909,13.40781746031746,54.34
16.195238095238096,32.54642857142857,5.33,11.59653409090909,8.0,39.0
13.2984375,36.70989583333333,5.33,11.59653409090909,8.0,44.92
12.189772727272729,25.891269841269843,5.33,11.59653409090909,8.82439393939394,35.84
11.4,28.74891304347826,5.33,11.59653409090909,8.0,37.96
16.02608695652174,48.56449275362319,5.33,11.59653409090909,13.930128205128206,53.79
41.03690476190476,74.81587301587301,5.33,11.59653409090909,8.0,82.54
31.37333333333333,83.925,5.33,11.59653409090909,8.0,101.95
29.14128787878788,82.65378787878787,5.33,11.59653409090909,11.327777777777778,98.74
31.055434782608696,79.42065217391304,5.33,11.59653409090909,8.0,84.59
24.61203703703704,63.61157407407408,5.33,11.59653409090909,8.0,70.63
22.407222222222224,66.49611111111112,5.33,11.59653409090909,8.0,71.92
16.707971014492756,49.9963768115942,5.33,11.59653409090909,8.0,60.28
8.644270833333334,29.501041666666666,5.33,11.59653409090909,8.0,40.19
10.60482456140351,27.67719298245614,5.33,11.59653409090909,8.0,36.16
15.842105263157896,30.093421052631577,5.33,11.59653409090909,8.0,41.53
27.00555555555556,63.1625,5.33,11.59653409090909,8.0,68.37
28.88627450980392,77.6406862745098,5.33,11.59653409090909,9.783333333333331,86.17
22.675,50.814166666666665,5.33,11.59653409090909,8.0,60.69
20.36,52.155,5.33,11.59653409090909,8.0,57.14
20.352272727272727,50.482575757575766,5.33,11.59653409090909,8.0,59.98
19.346666666666668,56.000555555555565,5.33,11.59653409090909,18.37625,63.6
17.93076923076923,42.590384615384615,5.33,11.59653409090909,8.0,44.49
18.773958333333333,41.735416666666666,5.33,11.59653409090909,8.0,45.07
20.097619047619048,45.875,5.33,11.59653409090909,8.0,49.11
20.5921875,39.540625,5.33,11.59653409090909,8.0,41.88
21.21,52.09,5.33,11.59653409090909,8.0,57.53
39.175,94.26818181818182,5.33,11.59653409090909,9.83,110.63
35.41458333333333,71.38125000000001,5.33,11.59653409090909,9.83,85.54
47.973958333333336,92.90520833333332,5.33,11.59653409090909,9.83,119.5
47.44583333333333,78.18124999999999,5.33,11.59653409090909,9.83,98.57
19.794318181818184,55.06363636363636,11.069166666666668,7.519166666666667,9.83,58.17
30.133333333333336,65.89479166666666,12.829270833333332,7.574895833333333,9.83,75.97
38.371875,80.56145833333333,14.813645833333332,7.584479166666667,9.83,93.7
32.23695652173913,102.5641304347826,8.919642857142858,7.468977272727272,9.83,118.88
21.56145833333333,62.603125,9.201319444444444,7.493576388888889,9.83,68.03
13.908333333333331,42.29583333333333,11.554791666666668,7.561041666666667,9.83,45.26
9.948958333333334,38.35625,11.511354166666663,7.557083333333334,9.83,41.19
8.058333333333334,61.66354166666667,11.100729166666667,7.548541666666666,9.83,70.14
39.73095238095238,77.23690476190475,19.601309523809523,7.580674603174603,9.83,90.17
50.45659722222222,73.48229166666667,13.63375,7.564687500000001,9.83,104.36
43.70625,76.578125,10.95601851851852,7.44,9.83,90.7
50.69947916666667,77.628125,11.691964285714286,7.49828125,9.83,101.07
28.96388888888889,60.28055555555555,11.88225,7.548,9.83,70.13
24.4575,62.3775,10.6075,7.528499999999999,9.83,70.91
22.43684210526316,146.48157894736843,10.374722222222225,7.516249999999999,9.83,173.62
17.351470588235294,65.69558823529412,10.578725490196078,7.496421568627451,9.83,73.29
14.24,40.38333333333333,11.188666666666668,7.542388888888889,9.83,44.38
17.500694444444445,52.878125,10.96659722222222,7.486493055555555,9.83,54.21
4.905769230769231,32.00192307692308,11.0275,7.547884615384616,9.83,36.29
12.7025,40.55083333333333,10.742,7.327500000000001,9.83,45.48
16.755434782608695,37.14855072463768,10.924583333333333,14.469722222222224,9.83,41.83
16.30798611111111,40.88645833333333,5.33,11.59653409090909,9.83,44.35
32.233333333333334,85.08854166666667,5.33,11.59653409090909,9.83,99.85
48.57083333333333,100.42083333333332,5.33,11.59653409090909,9.83,118.93
50.41979166666667,83.66979166666667,5.33,11.59653409090909,9.997916666666669,120.96
44.32604166666667,79.33854166666667,5.33,11.59653409090909,10.018958333333332,91.84
54.925438596491226,90.16008771929825,5.33,11.59653409090909,9.98059523809524,116.89
50.5140625,80.8890625,5.33,11.59653409090909,10.01279411764706,115.15
53.38072916666667,105.753125,5.33,11.59653409090909,10.00671875,117.35
65.0925,136.30166666666668,5.33,11.59653409090909,9.953015873015872,173.24
74.96666666666665,125.08796296296298,5.33,11.59653409090909,10.042361111111113,178.47
32.356818181818184,76.56022727272727,5.33,11.59653409090909,10.520227272727272,84.73
22.525,64.97083333333333,5.33,11.59653409090909,25.908431372549018,70.14
18.226388888888888,39.234722222222224,5.33,11.59653409090909,10.011354166666669,43.66
17.72625,36.265,5.33,11.59653409090909,10.176535087719298,42.11
20.138636363636365,39.58863636363637,5.33,11.59653409090909,10.130666666666666,42.63
11.241071428571429,32.410714285714285,5.33,11.59653409090909,10.139642857142858,36.28
55.9,82.6,5.33,11.59653409090909,7.19375,119.68
14.09,42.31666666666667,5.077678571428572,8.861309523809524,10.374944444444443,45.92
15.329166666666667,37.576388888888886,4.922105263157895,12.924298245614034,9.262587719298246,43.48
37.971428571428575,72.41607142857143,5.261011904761905,13.612916666666669,11.422166666666667,91.41
50.82125,107.9625,5.781875,15.144125,9.987976190476193,117.4
50.865625,107.9265625,5.39765625,14.81296875,9.93921875,117.68
33.81458333333333,62.125,5.212023809523809,17.92172619047619,10.0025,72.3
28.65416666666667,72.35208333333334,5.212083333333333,16.0209375,9.998125,82.83
38.67826086956522,71.8445652173913,5.194746376811595,14.62858695652174,10.4221875,85.31
46.12604166666667,75.43229166666667,5.3915625,15.357083333333334,10.294166666666667,89.25
41.66346153846154,74.67884615384615,5.247777777777778,14.251388888888888,11.069166666666666,80.76
27.582894736842107,41.65,5.164561403508772,8.774605263157895,9.976578947368422,45.99
26.01,56.353750000000005,5.001,12.557333333333334,10.0095,65.53
34.55394736842105,73.61052631578947,5.151052631578947,15.322105263157894,10.04657894736842,87.9
63.15,116.13166666666666,6.089821428571429,16.967142857142857,10.073833333333331,152.54
80.99068627450981,159.28725490196078,5.414411764705882,12.161519607843138,9.965588235294115,201.19
79.41458333333334,156.69479166666667,5.776979166666667,16.687708333333333,10.145729166666667,185.69
86.14270833333333,150.753125,5.408333333333333,12.8321875,9.976770833333331,206.37
36.025,75.23815789473684,5.004736842105263,9.4475,11.097638888888888,86.28
60.38522727272727,115.40151515151516,5.14439393939394,16.765681818181818,14.073825757575758,149.05
39.71931818181818,129.25227272727273,5.255978260869566,15.41768115942029,10.230942028985508,142.61
149.31333333333333,396.3305555555555,5.221979166666666,14.923125,10.653541666666667,210.3
23.534920634920635,93.675,5.00047619047619,6.263571428571429,9.52702380952381,111.15
40.08910256410256,84.41923076923078,5.023124999999999,17.024375,10.027179487179486,101.46
45.45034722222223,119.7909722222222,5.459479166666667,12.230104166666663,10.024166666666666,126.4
62.20486111111112,141.67638888888888,5.329479166666666,9.122916666666669,10.0503125,172.13
59.20555555555556,130.09861111111113,5.417840909090909,10.924204545454543,10.194166666666666,158.75
34.9765625,78.6796875,5.1440789473684205,17.621228070175437,10.054824561403509,87.93
9.823214285714286,49.34761904761905,5.137055555555556,19.552333333333333,10.064111111111112,55.02
14.6375,40.74351851851852,5.205875000000001,16.368708333333334,10.013373015873016,46.26
10.461458333333333,44.34027777777778,5.196180555555555,15.652395833333337,9.9834375,49.48
11.199999999999998,51.880208333333336,5.161979166666667,14.613124999999998,10.000208333333331,60.77
11.2,97.64868421052633,5.389868421052632,12.894298245614037,10.030041666666666,102.02
22.39270833333333,108.97291666666666,5.297395833333334,12.535208333333332,9.997777777777776,111.35
28.11,43.91833333333333,5.076145833333333,11.232604166666668,10.029270833333332,47.81
19.351041666666667,42.427083333333336,5.315416666666667,17.7815625,10.043958333333334,44.27
20.934375,38.99479166666666,5.196979166666667,12.6490625,9.9734375,41.54
22.5,49.817708333333336,5.269791666666667,5.137291666666667,10.019479166666668,57.41
23.87173913043478,50.14891304347826,5.091956521739131,9.625434782608696,9.972826086956522,59.91
25.399999999999995,130.15694444444443,6.844583333333333,15.963194444444444,10.0025,144.83
29.59605263157895,115.08201754385964,5.231851851851852,13.37027777777778,9.988875,124.19
34.1,52.876250000000006,5.055375,13.144166666666669,9.993809523809524,59.7
34.1,98.5675,5.09225,13.5985,10.050833333333332,104.65
34.6,61.76607142857143,5.00375,10.914583333333333,10.095885416666668,69.51
35.5,106.58863636363635,5.025,19.0775,10.095,118.31
35.5,88.38645833333332,5.006547619047619,6.386071428571428,10.144166666666663,104.08
29.41333333333333,92.16833333333334,5.7065625,14.3428125,9.05265625,110.82
26.366666666666667,84.80000000000001,5.364074074074074,17.10388888888889,9.002500000000001,102.09
39.1,91.2,5.3325,17.52078947368421,8.96828947368421,110.43
17.946153846153848,40.70705128205129,5.046726190476191,12.978214285714284,9.42061111111111,45.68
19.450000000000003,49.554545454545455,5.21,18.881590909090907,8.963977272727274,54.32
20.25227272727273,47.29886363636364,5.098409090909091,16.553863636363637,8.656590909090909,48.35
18.5,44.97727272727273,5.087833333333333,14.957249999999998,9.009305555555557,46.8
33.114999999999995,86.925,5.33,11.59653409090909,9.006,101.79
33.3,68.18229166666666,5.00875,15.430625,8.84702380952381,75.8
33.3,79.375,5.203863636363637,15.750340909090909,8.995208333333334,82.64
35.41413043478261,88.21304347826087,5.218478260869565,18.038152173913044,9.005652173913044,104.41
36.8,101.315625,5.451822916666667,22.160104166666667,9.023854166666666,119.53
36.96630434782609,88.36630434782609,5.269782608695652,16.00322463768116,8.997291666666667,103.33
37.1,144.49772727272727,5.51,14.433863636363638,8.9825,157.56
21.8325,63.0925,4.812749999999999,14.04075,9.01125,72.71
23.81125,69.30394736842106,5.298854166666667,19.2590625,9.000937500000001,75.74
32.70729166666667,65.27638888888889,5.1728125,13.396770833333331,9.000069444444444,74.08
24.591666666666665,53.87708333333333,5.263125,5.542291666666666,8.663541666666667,57.95
16.8,59.3138888888889,5.33,11.59653409090909,9.010833333333332,67.22
16.8,65.06625,5.075,13.400714285714288,9.007875,79.12
16.8,61.88125,5.13,12.48375,8.915833333333333,73.93
16.8,74.390625,5.042692307692307,15.15230769230769,8.998529411764705,77.94
21.853125,65.06354166666667,5.2292708333333335,17.480729166666666,9.026458333333332,71.01
22.399999999999995,54.614583333333336,5.080434782608696,15.635217391304348,9.0075,59.49
22.399999999999995,94.090625,5.267083333333333,16.763055555555557,9.118159722222222,112.06
22.4,75.275,5.341111111111111,14.045972222222222,8.996184210526316,87.82
22.4,38.016666666666666,5.045059523809523,5.635654761904762,8.9796875,46.8
22.4,52.75572916666667,5.4215,5.605,9.052083333333334,52.94
22.4,77.1724358974359,5.31076923076923,9.728653846153843,9.067820512820512,87.71
22.88863636363636,80.14204545454545,5.342954545454545,15.139545454545454,9.109886363636363,88.98
25.1,91.08076923076922,5.634423076923077,17.298653846153847,8.939230769230768,111.07
26.694565217391304,86.00760869565217,5.070486111111111,12.282534722222223,8.99875,102.2
27.9,83.24710144927536,5.2716666666666665,16.296449275362317,9.04159420289855,101.81
27.9,47.52857142857143,5.3842083333333335,13.953875,8.973214285714286,52.98
26.07,37.77,5.5103125,15.110729166666667,9.037916666666666,45.18
19.63020833333333,43.97604166666667,5.460396825396826,13.191349206349203,9.008541666666666,46.21
26.309375000000003,57.90104166666666,6.0365625,16.492083333333333,9.021770833333331,66.27
17.363257575757576,34.84621212121212,5.383636363636364,12.545795454545454,8.972234848484847,42.34
16.259375000000002,34.503125000000004,5.208958333333333,9.754270833333331,8.827604166666667,38.95
19.2,35.425000000000004,5.311964285714287,9.684107142857142,9.214642857142858,43.76
19.28214285714285,35.52619047619048,5.522777777777778,5.568611111111111,9.112380952380953,45.49
17.647058823529413,30.925,5.501911764705882,12.6,9.153676470588236,39.06
21.80757575757576,100.80448717948715,5.030952380952381,8.984821428571427,8.961785714285714,115.06
42.193888888888885,62.99555555555556,5.754666666666666,12.767166666666666,8.732444444444445,76.58
25.43333333333333,42.96212121212121,5.099545454545455,14.557651515151514,9.035208333333332,47.34
48.21666666666667,61.92310606060607,5.341626984126984,14.85123015873016,9.07785087719298,77.48
23.01388888888889,57.13125,5.603750000000001,15.765625,9.010208333333331,61.7
23.01388888888889,94.41041666666666,4.982916666666666,15.560416666666669,9.017857142857142,113.41
23.01388888888889,72.26354166666667,5.4419097222222215,20.529479166666665,9.02892361111111,81.01
23.01388888888889,67.12083333333334,5.373645833333334,16.590833333333332,8.9975,71.3
23.01388888888889,57.50921052631579,5.381842105263158,14.674868421052633,9.00171052631579,65.98
23.01388888888889,51.71666666666667,15.355416666666668,7.386249999999999,9.013846153846156,62.95
23.01388888888889,35.26979166666667,10.569479166666666,4.757368421052632,9.000833333333334,47.8
23.01388888888889,45.14375,5.303333333333334,10.927395833333334,9.020625,50.44
23.01388888888889,17.98125,8.059583333333334,13.851041666666667,9.014583333333333,39.11
23.01388888888889,15.295833333333334,5.564791666666667,12.615,8.994027777777777,38.94
23.01388888888889,70.9388888888889,5.017142857142857,16.915714285714284,9.141296296296296,76.85
23.01388888888889,61.41111111111112,5.481911764705882,10.776617647058824,8.875555555555556,67.1
23.01388888888889,55.659375,5.11484375,10.28265625,8.86421875,59.71
23.01388888888889,94.3403846153846,5.357884615384616,8.592307692307692,8.981923076923078,111.46
23.01388888888889,57.016666666666666,4.991666666666666,6.425555555555556,9.309166666666666,58.65
23.01388888888889,58.94102564102564,5.01047619047619,5.57327380952381,8.871666666666666,65.27
23.01388888888889,81.425,5.154015151515152,11.59306818181818,10.743611111111113,98.7
23.01388888888889,92.17954545454546,5.233522727272727,12.749204545454546,16.42568181818182,101.68
23.01388888888889,102.17708333333331,5.49375,6.066041666666667,9.323958333333334,116.5
23.01388888888889,46.21875,5.439,6.268,9.586875,51.57
23.01388888888889,45.37916666666666,5.14375,6.715416666666666,8.996071428571428,51.26
23.09285714285713,42.61029411764706,5.151029411764705,6.7379411764705885,8.89955882352941,46.58
22.9,44.52756410256411,5.063141025641026,7.610256410256411,9.003910256410256,46.77
23.13875,65.72416666666666,5.145263157894737,9.590263157894736,9.6621875,71.68
33.8,96.45714285714288,5.0529166666666665,16.412083333333335,9.1675,112.54
33.8,54.601960784313725,5.0785294117647055,7.185,9.417941176470588,60.68
33.8,80.46875,5.380666666666667,7.582333333333334,15.636770833333332,89.61
29.893478260869564,91.12934782608696,5.351098484848484,11.111742424242424,9.757826086956522,106.03
27.289772727272727,92.2554347826087,5.355326086956522,10.69195652173913,9.112625,109.2
28.5,92.40892857142856,5.395882352941177,6.473970588235295,9.0175,110.3
33.49166666666667,114.20166666666664,5.414833333333333,5.915722222222223,8.995888888888889,122.61
34.50978260869565,124.22826086956522,5.281376811594202,6.025471014492754,9.05891304347826,146.25
30.899999999999995,89.36666666666667,5.589583333333334,6.344791666666667,9.052916666666668,106.06
30.899999999999995,133.99166666666667,5.03,18.49,9.125,144.2
26.65833333333333,86.82743055555557,5.073842592592593,14.022361111111111,8.99175,103.62
38.03684210526316,114.6622807017544,5.374254385964912,19.49447368421053,9.722763157894736,124.28
41.5,80.125,5.561944444444445,18.34875,13.319513888888888,85.25
22.8,98.765,4.938000000000001,5.235,9.508833333333332,105.37
29.07916666666667,114.75972222222224,5.596851851851852,7.997083333333332,14.613611111111112,124.24
29.6,150.31911764705885,5.484,9.3815,9.249722222222225,174.12
27.39603174603175,129.98690476190475,5.245454545454546,12.336666666666668,9.124880952380952,145.15
24.03809523809524,93.65,5.505624999999999,12.6225,8.798452380952382,111.09
19.971875,55.31875,5.337013888888889,7.314201388888889,9.391423611111112,57.61
22.133333333333336,65.25625000000001,5.374861111111112,7.190833333333333,8.653680555555555,68.61
9.835,29.805,5.379666666666666,15.256666666666666,8.097333333333333,39.93
11.330952380952382,34.34285714285714,6.092142857142857,14.289166666666668,9.321785714285712,36.33
11.208823529411765,33.98676470588235,5.577916666666667,7.982083333333334,9.627916666666668,37.19
11.012745098039217,33.35980392156863,5.936323529411765,7.076617647058824,8.930147058823529,37.56
10.441666666666666,31.68055555555556,5.465909090909091,6.893409090909091,9.546388888888888,37.65
11.9,36.16666666666666,5.5925,6.3795,8.995,44.8
9.354166666666668,28.343333333333334,5.167083333333333,8.708888888888888,9.048541666666669,38.12
15.346052631578948,46.53026315789474,5.538947368421052,11.729736842105265,9.303815789473685,50.41
25.84236111111112,78.34513888888888,6.74719696969697,7.13939393939394,19.22729166666667,78.79
32.074122807017545,97.21228070175438,6.492324561403509,7.766929824561403,9.84688596491228,111.09
20.929411764705883,63.43235294117647,5.429705882352941,9.11686274509804,9.354264705882354,67.17
17.815384615384616,53.98974358974359,5.381111111111111,7.667430555555556,9.89861111111111,55.4
19.041666666666668,57.795,5.440833333333333,11.866,9.029666666666667,65.95
20.155555555555555,61.1,6.271481481481482,14.11138888888889,9.595092592592591,71.55
15.483333333333333,46.915,5.977678571428571,12.438928571428573,13.5465625,50.24
19.1936274509804,58.14509803921569,6.154411764705882,10.660784313725491,25.80837962962963,64.17
17.730263157894736,53.73815789473685,6.0855263157894735,8.86078947368421,7.241710526315789,57.36
19.910648148148148,60.37916666666667,5.79837962962963,7.899953703703703,8.862982456140351,67.61
16.508333333333333,50.0375,7.40551282051282,6.686346153846154,8.99875,57.98
14.404166666666663,43.645,9.060833333333331,5.02225,6.598333333333334,47.68
14.675000000000002,44.49351851851852,5.008148148148148,5.871296296296297,9.030925925925926,46.77
12.137916666666666,36.76041666666667,5.14275,6.204875,9.020083333333334,45.25
16.733823529411765,50.7235294117647,6.3875,6.139607843137255,8.947009803921569,56.39
28.36875,86.00375,6.931625,5.3875,9.142375,104.38
30.83552631578948,93.4565789473684,6.4828947368421055,4.993815789473683,9.050657894736842,112.26
28.1575,85.345,5.755833333333333,5.399772727272727,8.988560606060606,102.64
20.021153846153844,60.68461538461538,5.992307692307692,5.816346153846154,8.835128205128205,67.68
17.701249999999998,53.626250000000006,5.213583333333333,5.683833333333333,9.083708333333334,56.47
14.324305555555556,43.453472222222224,5.156319444444445,8.060625,9.337708333333332,46.59
14.435227272727271,43.67272727272727,6.098583333333333,7.390208333333334,9.243442028985507,46.52
19.53869047619048,59.21428571428572,6.007261904761905,6.1381547619047625,9.779166666666669,64.55
24.029761904761905,72.8345238095238,8.069423076923076,6.2902564102564105,9.335178571428573,84.95
25.18928571428572,76.34285714285714,8.265666666666666,9.198833333333337,8.84140625,80.7
22.65416666666667,68.65833333333335,7.391666666666667,8.593958333333333,9.360833333333334,75.98
19.35576923076923,58.64807692307692,7.113846153846153,5.138846153846154,9.591607142857145,64.12
10.592857142857143,32.15714285714286,5.26,9.068928571428572,10.8465625,33.92
48.87037037037037,148.12916666666666,8.241302083333334,7.120989583333333,8.599953703703703,170.07
27.711111111111112,83.98055555555555,8.157041666666666,4.932666666666667,8.734166666666667,104.37
30.19,91.495,8.59375,8.649687499999999,8.8515,108.9
25.026666666666664,75.84722222222221,9.609166666666663,5.732388888888889,8.993125,82.86
24.121666666666663,73.0925,7.647833333333334,3.8287916666666666,9.5759126984127,86.62
24.53872549019608,74.37598039215686,9.82686274509804,4.247598039215686,9.56013888888889,81.75
37.883854166666666,114.471875,9.437135416666669,4.382552083333334,9.088958333333334,124.62
35.56458333333333,107.775,6.9,6.828333333333333,9.142280701754386,116.02
24.25909090909091,73.52310606060607,5.406521739130435,10.62532608695652,9.02873188405797,88.25
16.88425925925926,51.16018518518519,6.682401960784313,8.495343137254903,9.471203703703702,56.22
18.422549019607843,55.837745098039214,7.144398148148148,7.976481481481481,12.198627450980393,61.04
11.825,35.875,6.236,8.749500000000001,9.3545,44.67
13.299305555555556,40.28263888888889,12.351666666666668,10.252430555555556,6.717222222222222,44.43
11.900877192982456,36.06885964912281,9.986798245614034,9.066018518518518,15.1759649122807,44.08
15.124122807017544,45.66798245614035,11.47898148148148,5.592962962962963,21.01990196078432,49.96
11.312301587301588,34.27738095238095,7.308174603174603,8.498690476190475,18.595277777777778,37.09
12.946052631578947,39.24736842105264,5.268611111111111,8.217916666666666,9.70675,45.28
13.21,40.013333333333335,6.1851666666666665,5.505333333333334,12.750166666666669,45.24
13.66304347826087,41.422826086956526,6.284523809523809,5.015238095238096,10.195217391304348,47.32
19.74868421052632,59.84605263157895,6.971798245614036,5.6925877192982455,18.700458333333334,67.44
32.898809523809526,99.70277777777775,9.174960317460318,4.648452380952381,8.891359649122807,113.96
41.9936507936508,127.25357142857142,9.955541666666669,4.924708333333333,13.293030303030305,152.27
47.067708333333336,142.6625,11.365833333333336,4.358833333333333,9.478645833333331,179.7
41.2712962962963,125.05092592592592,19.67055555555556,3.951071428571428,11.86574074074074,144.22
48.15,146.34821428571428,12.020384615384616,5.866666666666667,9.345333333333334,178.77
66.22692307692309,200.7192307692308,6.251538461538461,6.91,9.540576923076925,199.17
53.304545454545455,161.15833333333333,11.694416666666664,4.829916666666667,7.069166666666667,184.89
44.88269230769231,136.01923076923077,14.19969696969697,5.7283333333333335,8.462692307692308,143.87
54.47941176470589,165.10882352941175,17.19361111111111,7.053186274509804,7.992638888888888,165.79
64.15681818181818,194.37727272727275,14.469743589743588,5.318910256410256,9.169861111111112,191.91
46.08409090909091,139.7022727272727,9.593461538461538,5.841217948717949,7.18810606060606,147.11
44.97236842105264,136.31052631578947,13.567982456140353,8.61390350877193,9.060555555555556,145.68
59.329166666666666,179.77777777777777,13.129027777777775,6.810601851851852,7.18375,193.71
62.0953125,188.1755208333333,9.274270833333334,8.18078125,8.50734375,195.78
51.5734375,156.2890625,12.295364583333331,8.6190625,9.983774509803922,180.08
29.4046875,89.1140625,9.866435185185184,7.176574074074074,9.979739583333334,102.71
20.855416666666667,63.18958333333334,5.57412037037037,7.170231481481482,8.3455,67.46
8.631770833333333,26.1890625,5.922156862745098,8.409411764705883,8.556519607843137,34.19
15.24404761904762,46.18095238095238,5.751904761904762,10.146666666666668,7.5055,49.82
68.30625,206.978125,5.33,11.59653409090909,9.1365625,189.94
22.637500000000003,68.5,5.33,11.59653409090909,8.94,78.86
43.846428571428575,132.9142857142857,5.33,11.59653409090909,8.17,147.19
13.698076923076924,41.52115384615384,5.33,11.59653409090909,12.555,46.77
25.8275,78.2775,5.33,11.59653409090909,10.846,86.9
19.64090909090909,59.54318181818182,5.33,11.59653409090909,12.25590909090909,68.26
35.33181818181818,107.12727272727273,5.33,11.59653409090909,10.124318181818182,114.81
43.85,132.89999999999998,24.14,2.5866666666666664,8.862499999999999,144.83
37.73611111111112,114.36944444444444,15.329722222222223,6.798055555555556,9.58,124.18
69.9475,211.95,10.29125,9.82625,9.458,210.34
73.90833333333335,223.9583333333333,5.33,11.59653409090909,9.131666666666666,212.56
105.2,318.7,5.33,11.59653409090909,8.920000000000002,235.9
5.2125,15.8125,5.33,11.59653409090909,9.0,32.99
3.1666666666666665,9.56388888888889,5.33,11.59653409090909,19.431944444444444,34.66
2.3714285714285714,7.180357142857143,5.33,11.59653409090909,10.319464285714286,31.52
8.75,26.51458333333333,5.33,11.59653409090909,8.96725,34.38
7.288636363636363,22.079545454545453,5.33,11.59653409090909,9.0275,35.14
9.184615384615386,27.875,5.33,11.59653409090909,9.03,36.78
29.102083333333336,88.21666666666665,5.33,11.59653409090909,9.277916666666666,104.8
18.5,56.06136363636363,5.33,11.59653409090909,9.098636363636365,62.18
17.099999999999998,51.7625,5.33,11.59653409090909,8.97625,57.93
12.43409090909091,37.45378787878788,5.33,11.59653409090909,10.264166666666666,43.35
35.34,60.59,5.33,11.59653409090909,10.91,70.94
18.5,56.06,5.33,11.59653409090909,9.18,62.21
14.29,43.13,5.33,11.59653409090909,11.69,45.81
15.7,46.04,5.33,11.59653409090909,9.91,50.02
11.18,32.4,5.33,11.59653409090909,5.67,37.08
10.9,31.52,5.33,11.59653409090909,8.98,36.38
12.0,34.83,5.33,11.59653409090909,11.05,41.55
31.93,95.23,5.33,11.59653409090909,9.0,111.13
20.73,61.33,5.33,11.59653409090909,15.13,66.97
23.55,69.85,5.33,11.59653409090909,9.32,79.97
20.84,61.67,5.33,11.59653409090909,8.69,69.79
24.22,71.88,5.33,11.59653409090909,10.13,82.02
18.86,55.62,5.33,11.59653409090909,9.61,62.11
14.73,43.13,5.33,11.59653409090909,12.01,45.93
13.12,38.24,5.33,11.59653409090909,10.09,44.15
20.31,60.04,5.33,11.59653409090909,9.22,74.63
28.19,83.94,5.33,11.59653409090909,10.8,99.95
25.84,76.81,5.33,11.59653409090909,13.23,81.72
18.47,54.43,5.33,11.59653409090909,11.11,58.81
13.08,38.15,5.33,11.59653409090909,7.86,44.25
24.75,73.54,5.33,11.59653409090909,10.14,88.25
26.29,78.17,5.33,11.59653409090909,8.71,87.4
26.97,80.25,5.33,11.59653409090909,12.98,89.02
27.04,80.49,5.33,11.59653409090909,9.56,92.43
24.87,73.85,5.33,11.59653409090909,9.24,82.92
26.14,77.72,5.33,11.59653409090909,9.38,87.23
25.68,76.34,5.33,11.59653409090909,9.4,86.98
24.34,72.26,5.33,11.59653409090909,8.6,85.17
29.91,89.14,5.33,11.59653409090909,8.66,105.25
18.44,54.37,5.33,11.59653409090909,32.36,65.94
14.6,42.77,5.33,11.59653409090909,7.96,45.61
31.34,93.48,5.33,11.59653409090909,7.13,110.37
13.68,39.94,5.33,11.59653409090909,2.02,44.34
11.85,34.38,5.33,11.59653409090909,9.39,38.03
12.61,36.74,5.33,11.59653409090909,10.06,43.6
15.45,45.32,5.33,11.59653409090909,9.13,49.51
16.58,48.7,5.33,11.59653409090909,9.14,54.78
25.29,75.14,5.33,11.59653409090909,11.07,82.77
20.47,60.53,5.33,11.59653409090909,9.01,69.47
14.04,41.12,5.33,11.59653409090909,9.09,46.59
13.38,39.03,5.33,11.59653409090909,9.07,45.45
24.03,63.04,5.36,5.03,8.18,69.43
32.22,85.2,4.21,5.05,41.34,98.71
22.12,57.83,4.09,5.0,24.75,64.58
21.11,55.13,4.27,4.93,15.74,57.95
24.23,63.56,4.5,4.89,26.95,68.88
15.49,39.93,4.53,5.03,16.18,45.17
19.62,51.22,5.33,11.59653409090909,9.81,58.53
15.96,41.22,5.33,11.59653409090909,15.89,44.51
24.23,63.57,4.99,4.75,8.36,70.18
28.26,74.48,5.17,5.0,15.53,77.49
31.88,84.27,5.33,5.01,12.29,101.93
29.93,79.04,5.26,5.0,11.33,85.08
32.47,85.79,4.73,4.99,36.99,98.22
28.54,75.2,5.24,5.01,12.38,83.65
15.19,39.11,5.02,4.95,18.94,46.01
17.77,46.13,5.12,5.01,10.0,50.44
23.29,61.03,3.58,4.92,11.18,70.62
29.62,78.03,4.21,4.99,10.9,85.7
21.39,55.88,4.8,4.95,36.41,76.88
25.36,66.65,4.44,4.98,25.8,70.92
17.99,46.67,4.81,4.75,8.58,50.72
20.7,54.04,4.89,4.9,22.43,57.66
19.82,51.64,4.76,4.94,11.24,53.99
19.6,51.04,3.62,4.98,18.96,57.28
25.24,66.3,5.07,4.99,17.35,71.41
27.09,71.32,5.0,4.92,11.49,81.64
22.27,58.18,4.17,4.98,15.98,65.41
21.96,57.44,5.1,4.99,27.64,65.34
25.58,67.25,4.56,4.96,19.36,71.83
28.56,75.28,5.0,4.96,14.42,81.91
22.66,59.33,5.04,5.0,17.99,65.59
25.62,67.34,5.03,4.98,24.51,71.67
28.0,73.77,5.37,5.05,12.18,82.8
21.05,54.98,5.04,5.04,30.2,63.37
25.61,67.31,5.06,5.08,31.83,75.14
28.65,75.53,5.16,5.11,56.52,82.35
27.64,72.81,5.18,5.17,25.8,86.26
21.01,54.87,5.2,5.19,24.75,59.16
19.27,50.4,4.8,5.27,29.73,59.44
24.75,64.97,5.16,5.22,19.41,71.82
31.55,83.34,5.63,5.36,21.43,97.62
19.63,51.14,4.21,5.27,15.29,55.54
15.59,40.23,5.14,5.24,17.17,45.95
17.32,44.93,5.2,5.2,31.45,47.92
21.12,55.18,5.22,5.29,21.87,59.15
21.05,54.96,4.03,5.23,36.8,76.09
17.85,46.34,5.2,5.29,14.8,50.5
16.43,42.51,4.47,5.22,9.52,46.25
22.94,60.1,5.13,5.28,8.89,74.24
17.59,45.64,5.16,5.25,13.74,50.22
18.01,46.78,5.17,5.27,10.19,50.49
22.8,59.72,5.29,5.28,22.91,68.41
24.43,64.13,5.27,5.23,11.22,69.86
19.42,50.59,5.13,5.25,9.8,56.3
20.3,53.0,5.21,5.24,14.05,56.45
19.72,51.36,5.28,5.3,39.84,69.96
20.38,53.19,5.54,5.34,14.08,56.71
29.57,77.97,5.59,5.33,31.9,82.57
26.43,69.52,5.57,5.34,17.76,77.02
17.73,46.01,3.65,5.25,13.8,51.11
19.0,49.43,5.03,5.21,9.83,54.15
28.12,74.09,5.53,5.21,22.41,78.88
32.47,85.87,5.46,5.2,47.99,97.66
22.92,60.06,5.24,5.13,23.14,72.48
22.41,58.51,5.37,5.05,25.96,66.27
16.34,42.25,5.23,5.13,14.98,45.66
13.62,34.87,5.37,5.16,23.06,43.85
12.4,31.63,5.66,5.13,18.17,39.0
16.88,43.66,5.77,5.1,24.48,46.69
58.2,174.9,5.33,11.59653409090909,8.25,186.38
27.36,78.63,4.94,4.92,12.85,84.7
18.89,49.14,5.37,5.15,36.09,59.21
22.61,59.2,5.52,5.17,56.08,84.51
26.08,68.57,5.48,5.07,22.37,77.96
25.4,66.76,3.55,5.07,31.98,75.23
21.15,55.23,5.43,5.12,53.55,82.73
30.68,81.03,4.98,5.0,27.21,94.36
26.63,70.08,4.62,5.04,10.59,81.09
21.79,56.95,5.13,5.09,17.54,58.11
24.47,64.22,4.91,4.97,13.67,70.45
28.98,76.42,5.28,5.01,48.0,83.23
29.98,79.15,5.36,5.08,10.11,86.86
20.8,54.28,5.19,5.07,10.64,55.83
26.76,70.42,5.35,5.0,18.86,79.36
23.01388888888889,66.3,5.33,11.59653409090909,15.96,70.67
32.53,85.99,5.54,5.06,19.28,97.65
43.3,115.2,7.66,5.04,9.83,126.76
22.01,57.58,5.36,5.09,12.12,62.31
24.97,65.59,5.76,5.08,24.03,71.15
21.79,56.99,5.44,5.07,13.91,57.27
15.33,39.54,5.98,5.05,14.95,45.12
16.24,42.33,5.74,5.06,19.0,45.57
23.87,66.9,5.5,5.04,19.7,70.53
14.9,38.36,5.12,5.0,22.63,46.04
14.62,37.59,4.38,5.01,28.62,48.91
14.35,36.87,5.33,5.04,45.99,53.68
23.61,61.83,5.83,4.96,11.03,68.84
24.89,65.3,5.13,4.82,43.82,78.29
27.24,71.75,5.12,4.97,9.59,83.03
20.92,54.6,5.28,4.99,9.22,55.52
22.82,59.77,5.52,5.03,48.35,85.56
31.38,82.88,5.71,5.03,33.7,96.31
36.97,97.97,6.72,4.71,12.04,109.56
36.2,95.94,5.89,5.03,20.27,104.54
34.24,90.64,5.18,5.01,13.88,98.02
31.37,82.9,5.44,5.02,12.85,95.56
21.1,55.0,5.35,5.01,39.19,76.13
36.23,96.01,5.3,5.0,22.27,104.81
43.12,114.66,6.29,5.0,24.58,126.0
45.58,121.21,7.93,5.03,8.14,127.22
40.34,107.12,6.49,5.03,12.77,111.61
14.05,41.1,5.33,11.59653409090909,9.26,46.65
14.5,42.3,5.33,11.59653409090909,9.19,45.52
0.0,0.0,0.0,0.0,0.0,0.0
